f(x)	=21.5e9+1.8e9*sqrt(x)

g(x)	= 21.9e9+1.58788e8*x+1.24282e9*sqrt(x)



